 3 10 13  4  7  9  5 11 16  6 15 12  1 14  2  8 
 1 11 16 14  6 12 10  4  8  5  3  2 13 15  9  7 
 7  5  2  8 13  1  3 15  4 10 14  9 16 12 11  6 
 6  9 15 12  8  2 16 14 13  1  7 11 10  4  3  5 
13  2  7 16  4  8  1  6 11  9 12 15  5  3 10 14 
 8  4 14  5  2  7  9 10  1 13 16  3 11  6 15 12 
11  1  9  6 12 13 15  3  5  2 10 14  7  8  4 16 
10  3 12 15 11  5 14 16  6  8  4  7  9  1 13  2 
15 13  3 11  5  4  7  9 10 16  8  6 14  2 12  1 
14 12  5  1 10 16 13  2 15  3 11  4  8  7  6  9 
16  7  4  2 14 15  6  8  9 12 13  1  3 11  5 10 
 9  8  6 10  1  3 11 12 14  7  2  5 15 13 16  4 
 4 16  8  3 15 11  2  1 12 14  5 10  6  9  7 13 
 2 15  1  9 16 14  4  5  7 11  6 13 12 10  8  3 
 5 14 10  7  3  6 12 13  2 15  9  8  4 16  1 11 
12  6 11 13  9 10  8  7  3  4  1 16  2  5 14 15 
