 4 140
 3  0 13  4  7  9  0  0  0  0  0 12  1  0  0  8 
 1 11  0 14  6  0  0  4  0  5  0  0 13 15  0  7 
 0  5  0  0 13  1  0 15  4 10 14  9 16  0 11  0 
 0  9 15  0  0  0 16 14 13  1  0  0  0  4  3  5 
13  2  7 16  0  8  0  6  0  9 12 15  0  3 10  0 
 8  0  0  0  0  0  0 10  0 13 16  0  0  6  0  0 
11  1  9  0  0 13 15  3  5  2  0 14  7  0  0 16 
 0  0 12  0  0  5  0 16  6  0  4  0  9  1  0  2 
 0  0  3 11  5  0  0  0 10  0  8  6  0  2 12  1 
14 12  5  0 10 16  0  2  0  0 11  0  8  7  6  0 
16  7  0  2 14  0  0  8  9 12 13  0  0  0  0  0 
 0  8  0 10  1  3 11 12 14  7  2  5 15 13 16  4 
 0 16  0  0  0 11  0  0 12  0  0 10  6  0  7 13 
 2 15  0  9 16  0  4  0  0 11  0 13 12  0  8  0 
 5 14  0  7  0  0  0 13  0 15  9  8  4  0  0 11 
12  0  0  0  0 10  0  0  0  0  0  0  0  0  0 15 
