 4 130
 0  0  6  0  0 14 10  0 13  2  0 15  0  0  0  4 
 0 16 15  0 12  0  0  2  7  9  0  4  0  0  5  3 
12  0 14  0 13  3  6  0  0  0  5  0  1  0  0  0 
 0  0  1  2  8 15  7  4  6  0 16 12  0  0  0  9 
10  0  5  0 15  6 11  0  0 16  9  8  0  0  4  0 
 0  8  0 11  3  0  0  0  0  0  0 13  7 16 15  0 
 0 12  0  7  0  8  0 10  0  1 15  0  2 11  0  0 
 0  0  2 15  0  0 16  0 10  0 11  7  9  0  3  8 
 0 15  0  4  0 12  0  0  5 13  6  0 10  2  0  0 
 9  1  8  0  0  0  5  0  0 12  2 14  4  0  7 15 
 0  3 12  0 11  2  0 15  9  0  0 10 16  0  6  1 
 0  0 11 14  0  0  0 13  0 15  0  1  3  0 12  5 
 0  0  0  0  2  1  0  8 15 11  0  0  5  4 10  0 
 0  2  0  0  0  0 13  6 14  5  3 16  0  7  8  0 
 0  9  3  0  0  0  0 11  0  0 10  0  0 14  0 13 
 0  0 10 16 14  0  0  5  0  0 13  0  0  0  0  0 
