13  5  6 14  9  4 16 11  2 15 10  8 12  1  7  3 
 7  4 12  9 14  2 15  5 13  1  3 16 10  6  8 11 
10 15  8 11  7  1  3 13  6 12  9  4  2 16  5 14 
 3  1  2 16 10  6  8 12  5 11 14  7  4 13 15  9 
 2 13 10 12  3 14  4 16 15  5  1  6  7  9 11  8 
 5  7 14 15 11 10  2  8 16  9  4 12 13  3  6  1 
 4 11  9  8  5 12  6  1  7  3 13  2 16 10 14 15 
 6  3 16  1 15  9 13  7 10 14  8 11  5 12  4  2 
 9 12  1  2  8  5 14 10  3  7  6 15 11  4 13 16 
14 10 11  7 12 13  1  4  9  8 16  5 15  2  3  6 
15 16  5  4  6  3 11  9 12 13  2 10  8 14  1  7 
 8  6 13  3  2 16  7 15 14  4 11  1  9  5 12 10 
16  9  4  6 13  8  5 14 11 10 15  3  1  7  2 12 
11 14  7 10  4 15  9  6  1  2 12 13  3  8 16  5 
 1  8  3  5 16 11 12  2  4  6  7  9 14 15 10 13 
12  2 15 13  1  7 10  3  8 16  5 14  6 11  9  4 
