 4 140
13  5  0 14  0  0 16 11  0  0  0  8 12  1  0  3 
 7  4 12  0  0  2  0  0  0  0  0 16  0  0  0 11 
 0 15  0 11  7  0  0 13  6  0  0  4  2  0  5 14 
 0  1  2 16 10  6  0 12  0 11  0  0  4  0 15  9 
 0 13 10  0  3  0  4  0  0  0  0  0  7  0 11  8 
 5  0  0 15 11  0  2  0  0  9  0  0 13  0  6  0 
 4  0  0  8  0 12  0  1  7  0 13  2 16 10 14 15 
 6  3  0  1 15  9  0  7 10 14  8 11  0 12  4  2 
 0  0  1  2  8  5  0 10  0  7  0  0 11  0  0 16 
14 10 11  0  0 13  1  0  0  0 16  0 15  0  3  6 
15 16  5  4  6  3  0  0  0  0  2 10  0  0  1  0 
 0  6  0  3  2 16  0  0 14  4 11  1  9  0  0 10 
16  9  4  0 13  8  5 14 11  0 15  0  0  7  0 12 
 0  0  7  0  0 15  9  6  0  2 12  0  0  0  0  0 
 1  8  3  5  0  0  0  0  0  6  7  9 14  0  0 13 
 0  2  0 13  0  7 10  0  0  0  0  0  6  0  9  0 
