15 12  4  8 16  1  7  2  3  5  9 13 10 14 11  6 
 3 11  9 10 15 12 14  8 16  1  2  6  4  5  7 13 
13  7 14  2  6  4  9  5 12 15 10 11  8  1 16  3 
16  6  1  5  3 11 13 10 14  4  7  8  9 12  2 15 
11 10  2 13 12  3  1  4 15 16  8  5  7  6 14  9 
 9  3  7  4 14  8 15  6  1 10 11  2  5 13 12 16 
 6 15 16 14  5  9 11 13  7  3  4 12  1 10  8  2 
 1  5  8 12  7  2 10 16  9  6 13 14  3 11 15  4 
 5 14  6  9  8  7 12  3 13  2  1 16 15  4 10 11 
12  4 13  1 10 14  2 11  6  9 15  3 16  8  5  7 
 7  2 15 11  4  6 16  9  8 12  5 10 14  3 13  1 
10  8  3 16  1 13  5 15  4 11 14  7  6  2  9 12 
 8  1  5  3  9 10  6 12 11 13 16 15  2  7  4 14 
 4 13 10  7 11 16  3 14  2  8  6  9 12 15  1  5 
14 16 11  6  2 15  8  1  5  7 12  4 13  9  3 10 
 2  9 12 15 13  5  4  7 10 14  3  1 11 16  6  8 
