 4 150
 0  0  4  0  0  0  7  2  0  5  9  0 10 14  0  6 
 0  0  0 10 15 12 14  0 16  1  2  0  4  0  0  0 
 0  7  0  0  0  0  9  5  0 15 10  0  8  1 16  3 
16  6  1  0  3  0 13  0 14  4  7  8  9  0  2  0 
 0  0  0  0  0  3  0  4  0 16  8  5  0  0 14  9 
 9  3  0  4 14  0 15  6  1 10  0  2  0  0 12 16 
 0 15  0  0  5  9  0 13  7  0  0  0  0 10  8  2 
 0  5  8  0  0  2 10 16  9  6  0 14  3 11 15  4 
 0  0  0  9  8  7 12  3  0  2  0 16 15  4 10 11 
 0  0 13  1 10  0  2 11  0  9 15  3  0  8  5  7 
 7  0 15 11  4  6 16  0  8 12  0  0 14  0  0  1 
10  8  0 16  1 13  5  0  4  0  0  7  0  2  9 12 
 0  1  5  3  0 10  0  0  0  0  0  0  0  7  4  0 
 4  0 10  7 11 16  3 14  2  0  6  0  0 15  1  0 
 0 16 11  6  0 15  8  1  5  7 12  0  0  9  3  0 
 0  0 12 15 13  0  0  0  0  0  3  0  0  0  6  0 
