 5  9 12 15  4 11  1  2  6 14  8  7  3 13 10 16 
 1 16  2  3 13 14  8 15  9 10 11  5  7  6  4 12 
 4 10 14  8 12  7  5  6  3 16  1 13 15 11  9  2 
 6  7 11 13  3 10  9 16  2 15  4 12  1  8 14  5 
 8 13  9  5 14  4 16  3 15  7  2  1  6 12 11 10 
14  4  3 12  8 13  7  1 10 11  5  6  9 16  2 15 
 2  6 10 16 11 12 15  5  4  3 14  9  8  1 13  7 
11 15  7  1  9  2  6 10  8 13 12 16 14  3  5  4 
 3  2 15  7  1  9  4 14 12  6 16 10 11  5  8 13 
10 14  5  4  6  3 12  8  1  2 13 11 16 15  7  9 
16 12 13  6  5 15 10 11 14  9  7  8  4  2  3  1 
 9  1  8 11  2 16 13  7  5  4  3 15 12 10  6 14 
12  8  4 10 15  5 11  9  7  1  6  2 13 14 16  3 
15 11 16  2  7  8 14 12 13  5  9  3 10  4  1  6 
13  5  6  9 10  1  3  4 16  8 15 14  2  7 12 11 
 7  3  1 14 16  6  2 13 11 12 10  4  5  9 15  8 
