 4 150
 1  7  0  3  0 14  2 16  8  6  0  4 10  5 12  0 
15  6  0  0  0 10  0  0  1  0  5  7  0 14  8  0 
10 14  5  0  1  0  0  8  2  9  0  3 15 13  0 11 
 9  0  8  2  0 11  5  7  0 10  0 14  0  1  3  0 
 0 15  0  0  0  0  0  0  0 12  0  0 13  8  2  5 
 0  0  3  0 14  0  0  0  6  0  7 13  0  4 16  0 
 0  8  0 10  2  0 13  0 15  5  9  0  0  7  6  0 
14  0 12  0 10  6  0  5  3  0  2  0  1 11  0 15 
 6  1 14  0  0 16  8  9  0  2 13  0  4  3  5  7 
 3  0  0  7  0  0 10  0  0  0  0 15  0  0 14  0 
 8  0 16  0  7 15  4 13  5 14  3  6  2  0  1  0 
 0 13  0  0  0  2 14  0  7 16  1  9  0  0 11  6 
13  9  6  0  4  0 15 11 16  1 12  8  3  2 10 14 
 0  0  0  0  3  5 12  2  0 15  0  0  7  6 13  0 
 2  0  0 14  0 13  0  0  4  0  6  5 11  0  0 16 
 0  0 15  8  6  0 16  0  0  7  0  0  5 12  4  1 
