 1  7 13  3 15 14  2 16  8  6 11  4 10  5 12  9 
15  6  4 11  9 10  3 12  1 13  5  7 16 14  8  2 
10 14  5 12  1  4  6  8  2  9 16  3 15 13  7 11 
 9 16  8  2 13 11  5  7 12 10 15 14  6  1  3  4 
 7 15  9  6 16  3 11  1 14 12  4 10 13  8  2  5 
 5  2  3  1 14  8  9 15  6 11  7 13 12  4 16 10 
16  8 11 10  2 12 13  4 15  5  9  1 14  7  6  3 
14  4 12 13 10  6  7  5  3  8  2 16  1 11  9 15 
 6  1 14 15 11 16  8  9 10  2 13 12  4  3  5  7 
 3  5  2  7 12  1 10  6 11  4  8 15  9 16 14 13 
 8 11 16  9  7 15  4 13  5 14  3  6  2 10  1 12 
12 13 10  4  5  2 14  3  7 16  1  9  8 15 11  6 
13  9  6  5  4  7 15 11 16  1 12  8  3  2 10 14 
 4 10  1 16  3  5 12  2  9 15 14 11  7  6 13  8 
 2 12  7 14  8 13  1 10  4  3  6  5 11  9 15 16 
11  3 15  8  6  9 16 14 13  7 10  2  5 12  4  1 
