 4 150
16  8  9  2  0  0  0  3  0  0  0 10 15 12  5  0 
 0 12  3  5 14  0  0 15  7  8 13  4  0  0  0  1 
 0  4 10  1  0  0  0  0  0  2 15  0  9  7  6  3 
 0  0 15  7  0  0  2  0 16  0  9  5  4  0 10  0 
 0  0 11  9  0 15 14  8 12  1  6  0  0 13  0  2 
 5 16  0  4  0  1 10  0 13 11  7 15  0  0  9  8 
 1  0  0  3  0 11 12  7  0  9  4  8  0  6 15  5 
 0 15  0  0  0  4  0 13  2  5 10 16  0  0 11  7 
 0  0  0 16  7  9  0  4  5 12  3  0  0 15  0  0 
12  0  5  0 11 16  0 10  9  0  2  0  3  0  0  0 
 7  9  0  6  0  0 13 14 15  0  0  0  5  0 12 16 
 3  2  1  0  0  0  0  6  4 16  0  0 14 10  7  9 
 0  1  7 11 13  8  0  9 10  0  0  0  6 16  0 12 
 0  6 12 13  0  0  4  0  3 15 16  0  8  5  0 11 
 2  5  0  0 12  3  6 11  0 13  1  9  0  4 14 15 
 0  0  8  0  2  0  7  0  0  4  0 11 13  0  0  0 
