16  8  9  2  4  7 11  3  1  6 14 10 15 12  5 13 
 6 12  3  5 14 10  9 15  7  8 13  4 11  2 16  1 
14  4 10  1  8 13 16  5 11  2 15 12  9  7  6  3 
13 11 15  7  1  6  2 12 16  3  9  5  4  8 10 14 
10  7 11  9  5 15 14  8 12  1  6  3 16 13  4  2 
 5 16 14  4  6  1 10  2 13 11  7 15 12  3  9  8 
 1 13  2  3 16 11 12  7 14  9  4  8 10  6 15  5 
 8 15  6 12  9  4  3 13  2  5 10 16  1 14 11  7 
11 10 13 16  7  9  1  4  5 12  3 14  2 15  8  6 
12 14  5 15 11 16  8 10  9  7  2  6  3  1 13  4 
 7  9  4  6  3  2 13 14 15 10  8  1  5 11 12 16 
 3  2  1  8 15 12  5  6  4 16 11 13 14 10  7  9 
 4  1  7 11 13  8 15  9 10 14  5  2  6 16  3 12 
 9  6 12 13 10 14  4  1  3 15 16  7  8  5  2 11 
 2  5 16 10 12  3  6 11  8 13  1  9  7  4 14 15 
15  3  8 14  2  5  7 16  6  4 12 11 13  9  1 10 
