 6  4 10  3  1  8 12 11  5  7 14 15 16  9  2 13 
13 11  7  9 15  3  4  5 16 12  8  2  6 10  1 14 
 8 14  2  5 16  9  7 10  1 13 11  6  3 12  4 15 
16 15 12  1  6 13  2 14  9  3 10  4  8  7  5 11 
14 16 11  8  3  7 15  9  6  4 12 13  2  1 10  5 
 1  6  4  7  5 12 14 16  3  2 15 10 11 13  8  9 
 9  3 13 10  2  1  8  6 11  5 16  7 14  4 15 12 
15 12  5  2  4 10 11 13 14  9  1  8  7  6  3 16 
 5  9  6 11  7 15 13  4 10  1  2  3 12 14 16  8 
10  8 15 14 11 16  5  3 13  6  7 12  1  2  9  4 
 4  1  3 13 12  2 10  8 15 16  9 14  5 11  7  6 
 2  7 16 12 14  6  9  1  8 11  4  5 10 15 13  3 
 7 10 14 15 13 11 16 12  4  8  5  1  9  3  6  2 
 3  5  9  6  8 14  1  7  2 15 13 11  4 16 12 10 
11 13  1  4  9  5  6  2 12 10  3 16 15  8 14  7 
12  2  8 16 10  4  3 15  7 14  6  9 13  5 11  1 
