 4 150
 6  0 10  3  1  0 12 11  0  7  0 15  0  9  2 13 
13 11  7  9  0  3  0  5 16  0  0  2  0  0  0 14 
 8 14  2  5  0  9  7  0  1 13  0  6  3  0  0  0 
16  0 12  0  6 13  0  0  0  0 10  4  8  0  5 11 
 0  0  0  8  0  0 15  9  0  4 12 13  0  1 10  0 
 0  6  4  7  5  0 14  0  0  0  0 10 11 13  0  9 
 0  0  0 10  0  0  8  0  0  5 16  7 14  4  0 12 
 0  0  5  2  4  0  0 13  0  0  1  0  7  6  0  0 
 5  9  0 11  7 15 13  4  0  0  2  3  0  0 16  0 
10  8 15 14 11  0  5  3 13  6  7  0  1  0  0  0 
 4  0  3 13 12  2 10  0 15 16  9  0  5 11  7  0 
 0  0 16  0 14  6  9  1  0 11  0  5 10 15 13  3 
 7  0  0 15  0 11  0  0  4  0  5  0  9  3  0  2 
 3  0  0  6  0 14  0  7  0  0 13  0  0 16 12  0 
 0 13  1  4  0  5  6  2 12  0  0 16 15  0 14  7 
12  2  8 16 10  4  0  0  0  0  0  9  0  5  0  1 
