 4 150
 5  6 10 14  0  0  0 16  0 11  7  0  8  0 12  0 
 0  0  0  7  0  3 12  0  0  0 16  4 15  0 14  5 
 8 13  0  3  2  0  6 15 12  0  5 14 16 11  7  0 
 0  0  0 15 11 14  5  0  3  0  2 10  4 13  6  0 
 6  0  0  1  0  9  0 10  0  0  0 12  0  8  0  0 
12  2  0  0  3  0 15 14  0  0  0  8  1  9  4  0 
11 10 14  8  1  5  0 13  7  2  0  0  3 15 16 12 
13 16  0  9 12  8  7  6  4 15  0  0  2 14  5 10 
 0  0  6  0 14  0 10  0  1  0 12  0  9  0  0 13 
16  8  0  0  0  0 13  5 15  0  0  0  0  6  3  0 
 0  5  0 12  9  0  0  8  6  0 11  0  0  0  1  0 
 0  7  9 13 15  0 11  1  0  0  8 16  0  0  2 14 
 7  3  0  0  5  1  9  0  8  0 10  6  0  0 15  0 
 4  0  0  0  0  0  0 11  5  0 15  1  0 12 13 16 
 1  9  5 11  6 15  8 12  2  0 14 13  0  4 10  3 
10  0  0  0 13 16  0  0  0  3  4  0  5  0  9  8 
