 5  6 10 14  4 13  1 16  9 11  7 15  8  3 12  2 
 2  1 11  7  8  3 12  9 13  6 16  4 15 10 14  5 
 8 13  4  3  2 10  6 15 12  1  5 14 16 11  7  9 
 9 12 16 15 11 14  5  7  3  8  2 10  4 13  6  1 
 6  4 15  1 16  9  2 10 14  5  3 12 13  8 11  7 
12  2  7  5  3 11 15 14 16 10 13  8  1  9  4  6 
11 10 14  8  1  5  4 13  7  2  6  9  3 15 16 12 
13 16  3  9 12  8  7  6  4 15  1 11  2 14  5 10 
15 11  6  4 14  2 10  3  1  7 12  5  9 16  8 13 
16  8  1 10  7 12 13  5 15 14  9  2 11  6  3  4 
14  5  2 12  9  4 16  8  6 13 11  3 10  7  1 15 
 3  7  9 13 15  6 11  1 10  4  8 16 12  5  2 14 
 7  3 13 16  5  1  9  4  8 12 10  6 14  2 15 11 
 4 14  8  2 10  7  3 11  5  9 15  1  6 12 13 16 
 1  9  5 11  6 15  8 12  2 16 14 13  7  4 10  3 
10 15 12  6 13 16 14  2 11  3  4  7  5  1  9  8 
