10  2  5  4  8 11 13  9  3  6 15 14  7 16  1 12 
 3 11  8  1 14 12 16  2  5 10 13  7 15  6  4  9 
 7 15  9 13  4  3  6  5 12  8  1 16 14  2 10 11 
 6 14 16 12  7 10  1 15  2 11  4  9  5  8 13  3 
15 16  3  9  6  2  5 13  4 12 11  8  1 10 14  7 
 1  5  7 14 11  4 10 16  9  3  6  2  8 13 12 15 
12 10 11  8  1 15  3  7 14 16  5 13  6  9  2  4 
 4  6 13  2  9  8 14 12  7 15 10  1 11  5  3 16 
11 12  2 10  5  7  4  1 13  9 14 15 16  3  6  8 
 9  4 15 16  3 14  2 11  1  5  8  6 10 12  7 13 
 5  1  6  3 13  9 15  8 10  7 16 12  2  4 11 14 
13  8 14  7 16  6 12 10 11  2  3  4  9  1 15  5 
 2  9 10  6 15 16 11  4  8 13  7  3 12 14  5  1 
14  3 12  5 10  1  8  6 15  4  9 11 13  7 16  2 
 8 13  4 11 12  5  7 14 16  1  2 10  3 15  9  6 
16  7  1 15  2 13  9  3  6 14 12  5  4 11  8 10 
