 4 150
 0  2  5  4  0 11 13  9  3  6  0  0  0  0  0  0 
 0 11  0  0 14  0  0  2  5 10 13  0 15  6  0  0 
 7  0  9  0  4  3  0  0 12  0  1 16  0  0  0 11 
 6 14 16 12  7  0  1  0  0  0  0  9  5  8 13  0 
15  0  3  0  0  2  0  0  4  0 11  8  1  0 14  7 
 1  0  7 14 11  4 10 16  9  3  6  2  0  0 12 15 
 0  0 11  0  1 15  3  7 14  0  0 13  6  9  0  0 
 0  6  0  2  9  8  0  0  7 15 10  0 11  0  0  0 
11 12  2 10  5  7  4  0 13  9 14 15  0  3  0  0 
 9  4 15  0  3 14  0 11  0  5  0  6  0 12  7 13 
 0  1  0  3  0  9 15  0  0  7 16  0  2  4  0 14 
13  8  0  0  0  6  0  0 11  2  3  0  9  1 15  5 
 2  0  0  6 15  0 11  4  0 13  7  3 12  0  5  1 
 0  0  0  0 10  0  0  6 15  4  9  0 13  0  0  0 
 8 13  4 11 12  0  0  0 16  1  2 10  0 15  9  6 
 0  7  0  0  2 13  0  3  0  0 12  0  0 11  0  0 
