 9  1 13  3  7  6 14  2 15  5 12 11 10 16  4  8 
14 12 11  4  5 13 16 15  1  8 10  2  3  9  6  7 
16  7  5  6 12  4  8 10  3  9 13 14  1 15 11  2 
 2 10 15  8  3  9 11  1  7  6  4 16 13 12  5 14 
 4 14  1 12  8 10  2  7 16 11  9 15  6 13  3  5 
 7 16  6  5 11 12 13  9 10  2 14  3  4  1  8 15 
13  8  3 15 14 16  1  4  5 12  6  7  2 10  9 11 
11  2  9 10  6  3 15  5  4  1  8 13 16 14  7 12 
10  9  7  1 15  5  4 14 12  3 11  6  8  2 16 13 
 5 13 12 16  9 11  6  8 14  4  2  1  7  3 15 10 
15  4  8 11 13  2  3 12  9  7 16 10 14  5  1  6 
 3  6 14  2  1  7 10 16  8 13 15  5 11  4 12  9 
 1 11  4 13 16  8 12  6  2 10  5  9 15  7 14  3 
12  3  2  7  4 15  9 13  6 14  1  8  5 11 10 16 
 8 15 10 14  2  1  5  3 11 16  7 12  9  6 13  4 
 6  5 16  9 10 14  7 11 13 15  3  4 12  8  2  1 
