 4 130
 0  0 13  3  7  6  0  0  0  0  0 11 10  0  4  0 
 0 12  0  4  5 13 16 15  0  0  0  0  0  0  6  7 
 0  7  0  6 12  4  8  0  3  9 13  0  1  0  0  2 
 2 10  0  0  0  0  0  0  7  6  0 16  0 12  0 14 
 0  0  1  0  8  0  2  7 16  0  0 15  0 13  3  0 
 0  0  6  5  0  0 13  9 10  2  0  3  0  0  0 15 
 0  8  0  0 14  0  1  4  0  0  6  7  0 10  0  0 
 0  2  0  0  6  0  0  5  4  0  8  0 16 14  0 12 
 0  0  0  1  0  0  0  0  0  0 11  6  8  2 16  0 
 5  0 12  0  0  0  6  0  0  0  2  0  0  3 15  0 
15  0  0  0 13  0  3 12  9  7 16 10 14  0  0  0 
 3  6  0  0  1  7 10 16  0  0  0  5  0  0  0  9 
 0 11  4 13  0  0 12  0  2 10  5  9  0  0 14  3 
 0  3  2  0  0 15  9 13  6 14  0  8  5 11  0  0 
 8  0 10 14  0  1  5  3 11  0  7  0  9  6 13  0 
 0  5  0  0 10  0  7  0  0 15  3  4  0  0  0  1 
