 4 150
 5  0  9 10  0  0  0  0  0  4  1  3 13  8 16 15 
 4  0  1  7 15  9  0  8 10  0 13 16  5  0  2  3 
 0 15  3  0  5  0  0 16  0  2  7  6 12  0 11  9 
11  0  0 16  3  0 13  1  5 15  9  0 14  0  0  0 
 0  3  0 12  6 13  9 15 16  0  0  0  0 11 10 14 
 0  9  6  0  0  4  1 12 14  0  0 13  0  5  0  0 
 0 13 10 11  0  0 16  0  7  0  0  9  0  0  6  2 
 0  0  0  4 11  0  7 10  6  1  3  8 15  0  9  0 
10 11  4  0  0  0  0  0  0  7  0 14  0 15  0  8 
 0 16  0  6  1  0  2  4  0  3  8  0  9 10  0  0 
 0  1 15 13 16  0  0 11  4  9  6  0  7  0 12  5 
 8  7  5  0  0  0  6  0  0  0  0  1  2 16  0  4 
12  0 11  0  0  0  3 14 13  0  0  7  0  0  0  6 
 9  0 16  0  0  0 10  5  1  6  0 11  3  0  7 13 
 0  0 13  5  0  0  0  2  3 16  4 15  0  9  0  0 
 3  4  0  8 13  1 15  6  0 10 12  2  0 14  5 16 
