 5  6  9 10  2 12 14  7 11  4  1  3 13  8 16 15 
 4 12  1  7 15  9 11  8 10 14 13 16  5  6  2  3 
13 15  3 14  5 10  4 16  8  2  7  6 12  1 11  9 
11  8  2 16  3  6 13  1  5 15  9 12 14  7  4 10 
 7  3  8 12  6 13  9 15 16  5  2  4  1 11 10 14 
15  9  6  2  8  4  1 12 14 11 10 13 16  5  3  7 
 1 13 10 11 14  5 16  3  7 12 15  9  8  4  6  2 
16  5 14  4 11  2  7 10  6  1  3  8 15 13  9 12 
10 11  4  9 12  3  5 13  2  7 16 14  6 15  1  8 
14 16 12  6  1  7  2  4 15  3  8  5  9 10 13 11 
 2  1 15 13 16 14  8 11  4  9  6 10  7  3 12  5 
 8  7  5  3 10 15  6  9 12 13 11  1  2 16 14  4 
12 10 11  1  9 16  3 14 13  8  5  7  4  2 15  6 
 9  2 16 15  4  8 10  5  1  6 14 11  3 12  7 13 
 6 14 13  5  7 11 12  2  3 16  4 15 10  9  8  1 
 3  4  7  8 13  1 15  6  9 10 12  2 11 14  5 16 
