 6  8  2  3  9  5  4 10 12  1 15 14  7 13 16 11 
 4  5 13 12  6 16 11  7  8  2  9 10 15  1 14  3 
15 16 11 14  8 12  2  1  7 13  4  3  9  5  6 10 
 9  1 10  7 13  3 14 15 11 16  6  5  4  2  8 12 
 7  2  8 15  4 11  6 14 10  9  1 13  3 16 12  5 
16  4 14  5 15  7  1 12  2 11  3  8 10  9 13  6 
12  9  6 10  3 13  8 16 14  5  7 15 11  4  2  1 
 1 13  3 11  5  2 10  9  4  6 16 12 14 15  7  8 
 2 15  4  9 12 14  3  5  6 10  8  7 16 11  1 13 
 8  3 12  1  2  6  7  4 16 14 13 11  5 10  9 15 
11 14  5  6  1 10 16 13  9 15  2  4  8 12  3  7 
13 10  7 16 11 15  9  8  3 12  5  1  6 14  4  2 
10 11  9  4 16  8 13  3 15  7 12  2  1  6  5 14 
 5  6 15  8  7  1 12 11 13  4 14  9  2  3 10 16 
 3 12  1  2 14  4 15  6  5  8 10 16 13  7 11  9 
14  7 16 13 10  9  5  2  1  3 11  6 12  8 15  4 
