 4 140
 0  8  0  3  0  5  0  0 12  0 15  0  0  0 16 11 
 4  0 13 12  6 16 11  0  8  2  0 10 15  0  0  3 
15 16 11 14  0 12  0  0  0  0  0  0  9  5  6  0 
 9  1 10  0 13  0  0  0  0  0  6  5  4  0  8 12 
 0  2  0  0  0 11  6  0 10  9  0 13  0 16 12  0 
16  4 14  0 15  0  1  0  2 11  3  0 10  9  0  6 
 0  9  0 10  0 13  8  0 14  5  0 15 11  0  2  1 
 1  0  3  0  5  2 10  9  4  0  0 12  0  0  7  0 
 0 15  4  9  0  0  3  5  0  0  0  7  0  0  1 13 
 8  3 12  1  0  6  7  4 16 14 13 11  5  0  9 15 
11 14  0  6  1  0 16 13  9 15  0  4  0  0  3  7 
13  0  0  0 11  0  0  0  0 12  0  0  6  0  0  0 
10  0  0  4  0  0 13  3 15  7  0  0  0  0  0 14 
 0  0  0  8  7  1 12 11 13  0  0  0  0  3  0 16 
 0  0  0  2 14  4  0  6  5  8 10  0 13  0  0  9 
14  0 16  0 10  0  5  0  0  0  0  0 12  8  0  0 
