 4 150
 0  0 10  0 16  4 14 13  0  1  2  0 11 12  6  0 
 6 14  0  0  0 10 11  8  9  0 16 15  5  2  0 13 
 0 11 16  7  5  0  0  9  0  6 12  0  0  0 10  0 
 4  0  0  0 12  0 15  6 10 14  0  3  8  0  0  1 
 0  0  0  0  0 14  0 12  0  0 13 11  4  0  8  0 
 0  2  0  4  9  8 10  1  0  0 14  6 13  0 16 15 
11  0  0 10  0  0  0  4 12  8  0  0  0  6  2  0 
13  8  9  0  0  0  6 15  0 16 10  2  0  5  3 12 
 0  3 13 16 10  9  0 14 11  5  0  0 12  0  4  0 
 0  7  0  0  0 16 12  2  0  0  9  0 10  0  5  8 
 5  9 11  0  8  6  4  3  0  0  0  0  0  0  0  0 
10  4  8  0  0  1 13  5 16  0  3 12  0 14  0  9 
15  1  2  0  0  0  9  0  0 12  0 16  0 10 14 11 
 0  0  0  0  6  3  8 11  2 10 15 14  0  7  1  0 
 0  0  6  3  1 15  5 16  0 11  4  0  9  8 12  2 
16  5  7  0 14  0  2  0  1  9  6  0  0 13 15  0 
