 8 15 10  9 16  4 14 13  7  1  2  5 11 12  6  3 
 6 14 12  1  3 10 11  8  9  4 16 15  5  2  7 13 
 3 11 16  7  5  2  1  9  8  6 12 13 15  4 10 14 
 4 13  5  2 12  7 15  6 10 14 11  3  8 16  9  1 
 7  6  1  5  2 14 16 12 15  3 13 11  4  9  8 10 
12  2  3  4  9  8 10  1  5  7 14  6 13 11 16 15 
11 16 15 10 13  5  3  4 12  8  1  9 14  6  2  7 
13  8  9 14  7 11  6 15  4 16 10  2  1  5  3 12 
 2  3 13 16 10  9  7 14 11  5  8  1 12 15  4  6 
 1  7 14 15 11 16 12  2  6 13  9  4 10  3  5  8 
 5  9 11 12  8  6  4  3 14 15  7 10  2  1 13 16 
10  4  8  6 15  1 13  5 16  2  3 12  7 14 11  9 
15  1  2  8  4 13  9  7  3 12  5 16  6 10 14 11 
 9 12  4 13  6  3  8 11  2 10 15 14 16  7  1  5 
14 10  6  3  1 15  5 16 13 11  4  7  9  8 12  2 
16  5  7 11 14 12  2 10  1  9  6  8  3 13 15  4 
